177 176 
central node for this community will be: 177

198 192 81 99 133 136 142 150 66 45 65 67 68 69 70 72 73 91 98 100 101 102 103 106 107 109 110 111 113 115 118 122 123 124 130 131 134 135 137 140 141 143 144 145 146 147 148 149 151 152 153 154 155 127 193 196 197 199 200 260 265 266 268 121 126 112 114 119 120 191 195 125 267 
central node for this community will be: 66

213 
central node for this community will be: 213

61 43 26 49 51 52 54 59 60 62 63 64 17 18 23 48 55 56 57 204 246 248 
central node for this community will be: 43

239 5 1 0 2 3 4 8 12 13 19 20 22 25 27 28 29 30 31 32 33 34 38 41 44 16 10 11 7 24 36 39 40 42 47 50 21 71 74 75 76 77 78 82 83 84 85 88 90 92 93 80 94 95 97 104 108 132 157 158 159 160 162 163 164 167 168 169 170 171 172 173 174 175 179 180 181 182 183 184 186 187 87 86 189 202 203 208 178 205 53 214 215 216 217 218 219 220 221 223 224 225 226 227 228 229 6 89 156 206 222 230 232 233 234 235 237 238 242 243 244 245 105 35 207 209 210 212 269 270 271 79 166 
central node for this community will be: 5

240 
central node for this community will be: 240

257 117 46 58 96 116 129 138 139 165 190 194 201 250 252 253 254 255 256 259 261 262 263 264 9 37 14 15 128 185 188 211 231 236 241 247 249 251 272 273 274 275 276 277 278 279 280 281 282 283 284 285 286 287 288 289 290 291 292 293 294 295 296 297 298 299 300 301 302 303 305 306 307 308 309 310 311 312 313 315 316 317 318 319 320 321 
central node for this community will be: 9

258 
central node for this community will be: 258

304 
central node for this community will be: 304

647 389 343 326 325 327 328 329 330 331 322 323 324 333 334 335 336 337 339 340 341 342 345 347 348 344 349 350 352 354 355 332 357 358 359 360 361 362 363 351 353 356 365 367 368 366 370 371 372 373 374 375 376 378 380 381 382 383 384 385 377 386 387 388 390 393 471 484 405 510 518 532 545 552 561 564 566 571 589 619 623 624 625 626 628 629 631 495 550 578 627 630 632 633 635 636 637 638 639 641 642 643 644 645 646 649 650 651 652 656 657 658 659 660 661 662 663 664 665 666 667 669 671 672 673 674 338 418 479 675 676 677 678 483 679 680 681 682 683 684 685 686 687 688 689 690 691 692 346 702 703 704 
central node for this community will be: 352

648 
central node for this community will be: 648

655 654 653 
central node for this community will be: 655

693 396 456 478 453 616 392 161 314 364 369 379 391 394 395 397 398 399 400 401 402 403 404 406 407 408 409 410 411 412 413 414 415 417 419 420 421 422 423 424 425 426 427 428 429 430 431 432 433 434 435 436 437 438 439 440 442 443 444 445 446 447 448 449 450 451 452 454 455 457 458 459 460 461 462 463 464 465 466 467 468 470 472 473 474 475 476 477 480 481 482 441 485 486 487 488 489 490 491 492 493 494 496 497 498 499 500 501 502 503 504 505 506 507 508 509 511 512 513 514 515 516 517 519 520 521 522 523 524 525 526 527 528 529 530 531 533 534 535 536 537 538 539 540 541 542 543 544 546 547 548 549 551 553 554 555 556 557 558 559 560 562 565 567 568 569 570 572 573 574 575 576 577 579 580 581 582 583 584 585 586 587 588 590 591 592 593 594 595 596 597 598 599 600 601 602 603 604 605 606 607 608 609 610 612 613 615 617 618 620 416 469 621 622 634 640 563 611 614 668 670 695 696 697 698 699 700 701 
central node for this community will be: 392

694 
central node for this community will be: 694

805 706 705 707 708 709 710 711 712 713 714 715 716 717 719 720 721 722 723 724 725 726 727 728 729 730 731 732 733 734 735 736 738 739 740 741 742 743 744 745 746 747 748 749 750 751 752 753 754 756 758 759 760 761 763 766 767 768 770 771 772 775 776 777 778 779 780 783 784 785 787 788 790 791 792 793 794 795 796 797 798 799 800 801 802 806 807 809 810 811 812 814 815 817 818 819 820 821 822 824 825 826 828 829 830 831 835 837 765 816 808 827 834 764 737 755 789 
central node for this community will be: 706

932 
central node for this community will be: 932

947 
central node for this community will be: 947

963 718 945 964 942 946 950 951 944 
central node for this community will be: 945

975 968 762 803 867 928 937 949 969 970 971 972 973 974 976 977 978 979 980 981 982 983 984 985 986 987 989 990 992 993 995 998 1000 1002 1003 1005 999 996 1001 991 
central node for this community will be: 968

997 
central node for this community will be: 997

1040 1010 757 804 893 913 988 1004 1009 1019 1023 939 833 844 773 781 782 813 836 838 840 839 845 849 846 851 774 848 854 855 857 858 860 861 862 863 864 865 866 868 869 870 871 872 873 874 875 876 877 879 880 881 882 883 884 885 886 887 888 890 891 892 894 895 896 897 898 899 900 901 902 903 904 905 906 907 908 909 910 911 912 914 915 916 917 918 919 920 922 923 924 927 850 843 930 929 859 931 933 934 935 936 938 940 941 954 955 956 957 958 959 889 961 962 965 953 966 967 1006 1007 852 1008 1011 1014 1015 1016 1017 1018 1021 1022 1025 769 1012 1038 1013 1039 1041 1042 1044 1045 1046 1047 1050 1052 1053 1054 1055 1056 1057 1058 1059 1060 1061 1062 1063 1064 1065 948 960 1024 1027 943 1028 1031 1032 1034 1035 1036 1037 1066 1067 1108 1111 1112 842 841 952 1151 1020 1152 1153 1154 1155 856 994 1157 847 921 1026 1043 1048 1156 1158 1159 1160 1161 1162 1163 1164 1165 1166 1033 1167 1168 1169 1170 
central node for this community will be: 773

1049 
central node for this community will be: 1049

1099 1069 925 1068 1070 1071 1072 1073 1074 1075 1076 1077 1078 1079 1080 1081 1082 1083 1084 1085 1086 1087 1088 1089 1090 1091 1092 1093 1094 1095 1096 1097 1098 1101 1102 1103 1104 1105 1106 1051 
central node for this community will be: 1069

1100 
central node for this community will be: 1100

1109 1107 926 
central node for this community will be: 1109

1121 853 786 823 832 878 1029 1030 1110 1113 1114 1115 1116 1117 1118 1119 1120 1122 1123 1124 1125 1126 1127 1128 1129 1130 1131 1132 1133 1134 1135 1136 1137 1138 1139 1140 1141 1143 
central node for this community will be: 853

1142 
central node for this community will be: 1142

1148 1144 1145 1146 1147 1150 
central node for this community will be: 1144

1149 
central node for this community will be: 1149

1171 
central node for this community will be: 1171

1172 
central node for this community will be: 1172

1173 
central node for this community will be: 1173

1174 
central node for this community will be: 1174

1175 
central node for this community will be: 1175

1176 
central node for this community will be: 1176

1177 
central node for this community will be: 1177

1178 
central node for this community will be: 1178

1179 
central node for this community will be: 1179

1180 
central node for this community will be: 1180

1181 
central node for this community will be: 1181

diffusion process is started:
total number of nodes which get information are: 1182
time taken for the information to get diffused in the whole network is: 315 time units
total number of nodes are: 1182 and number of nodes which do not get information are: 0
[0,0.2304,0.297521,0.5,0.852071,1,1.4375,1.77778,2,2.25,2.97959,4,5.25,5.5,5.76,6,6.25,6.5,7.42404,7.5,7.51,7.92,8.5,8.61111,9,9.83333,10.24,11.1111,12.375,12.5,12.9796,13.25,13.5,14.3644,14.3889,14.6111,14.75,14.8685,15,15.1111,15.25,16,16.2222,16.25,16.5,16.7222,16.8333,17,17.25,17.8125,17.92,18,18.4796,18.75,19.6111,19.92,20,20.25,20.92,21.25,21.75,22,22.1458,22.25,22.42,22.6111,23,23.1111,23.5,24.1422,24.174,24.25,24.5,24.8685,24.8958,25,25.25,26,26.25,26.6111,26.67,26.92,27.25,28,28.25,28.5,29,29.42,29.9796,31.3889,32,32.9796,33.1458,33.25,34,34.6111,34.8958,34.92,34.9796,35,35.25,35.8958,36,36.5,37,37.5,37.51,37.8521,38.9796,39,40,40.9796,41,41.1458,42.1458,42.9796,43,44,44.5,45.25,46,46.92,47,48,48.1458,48.5,49.5,51.25,52.25,53,53.5,54,56.8125,57.25,57.92,58,61,61.5,63.5,65,65.92,67,68.25,69.75,73.5,74.424,78.75,100,136,144,146,149,198,315,]
[40,41,42,46,48,54,55,56,57,59,61,62,63,66,67,73,77,78,79,82,83,88,89,90,91,92,93,94,98,99,101,105,106,107,108,110,111,114,117,118,121,126,128,138,140,141,142,148,151,152,153,154,155,158,159,161,162,163,164,174,175,181,182,184,185,186,212,215,220,222,226,227,229,230,232,239,247,249,251,252,253,254,256,257,258,274,275,276,281,283,289,290,292,298,301,303,305,310,317,319,323,325,328,334,336,337,346,352,353,356,360,362,364,367,370,371,385,387,395,408,412,416,424,444,445,446,452,461,472,508,513,516,521,526,532,550,584,591,606,653,666,676,683,695,718,730,735,777,937,945,985,986,1008,1182,]
